#turbo-spoken por_br 1703
900005
900010
900019
900021
900035
900038
900045
900047
900057
900080
900088
900090
900092
900099
900101
900104
900107
900121
900124
900130
900132
900150
900155
900164
900165
900168
900187
900190
900194
900197
900199
900201
900203
900205
900212
900214
900216
900240
900253
900256
900318
900323
900325
900358
900362
900363
900366
900367
900373
900376
900377
900384
900387
900388
900390
900393
900396
900399
900400
900407
900411
900412
900415
900418
900435
900440
900455
900456
900476
900483
900493
900514
900521
900554
900565
900567
900569
900582
900588
900592
900593
900595
900600
900608
900610
900612
900613
900614
900615
900616
900618
900619
900621
900623
900627
900630
900631
900633
900635
900636
900637
900644
900646
900649
900655
900659
900666
900742
900759
900762
900763
900764
900765
900766
900767
900768
900769
900771
900772
900775
900776
900778
900860
900866
900870
900872
900878
900893
900895
900898
900900
900910
900941
900975
900978
900980
900982
900986
900989
900994
900995
900996
901000
901005
901015
901021
901030
901035
901043
901046
901113
901151
901157
901159
901162
901164
901165
901166
901167
901168
901170
901172
901173
901174
901175
901176
901177
901179
901184
901185
901186
901189
901190
901192
901194
901199
901202
901203
901204
901207
901209
901210
901217
901222
901223
901233
901234
901235
901238
901241
901244
901251
901252
901253
901255
901258
901259
901265
901266
901267
901273
901281
901287
901289
901292
901293
901294
901295
901298
901299
901301
901302
901303
901304
901308
901310
901317
901319
901320
901326
901332
901333
901335
901338
901339
901340
901347
901352
901356
901359
901374
901378
901379
901383
901384
901389
901390
901392
901394
901396
901397
901399
901401
901404
901410
901414
901416
901418
901419
901420
901422
901428
901432
901433
901435
901436
901439
901442
901443
901449
901454
901458
901461
901465
901466
901469
901472
901473
901478
901480
901486
901487
901488
901497
901498
901500
901501
901502
901503
901512
901513
901516
901524
901525
901528
901529
901531
901535
901536
901538
901541
901542
901545
901548
901549
901550
901551
901558
901561
901565
901566
901572
901573
901576
901578
901583
901584
901586
901588
901590
901600
901601
901602
901604
901606
901611
901619
901620
901621
901624
901625
901628
901630
901631
901633
901634
901635
901637
901639
901640
901641
901643
901644
901647
901655
901657
901661
901662
901663
901664
901666
901682
901683
901686
901687
901688
901699
901702
901705
901708
901710
901711
901713
901714
901716
901717
901723
901725
901731
901734
901739
901742
901745
901751
901755
901760
901762
901767
901769
901770
901771
901773
901777
901778
901779
901781
901785
901786
901788
901789
901790
901791
901798
901804
901807
901809
901814
901817
901818
901820
901821
901823
901825
920014
920028
920037
920052
920055
920057
920059
920067
920068
920082
920091
920098
920105
920120
920121
920122
920140
920147
920149
920163
920171
920176
920177
920181
920186
920250
920322
920331
920352
920376
920406
920409
920411
920415
920450
920457
920462
920476
920478
920479
920481
920489
920497
920505
920512
920514
920524
920525
920533
920539
920550
920557
920567
920572
920578
920579
920583
920586
920601
920639
920652
920657
920667
920668
920672
920682
920691
920709
920711
920722
920725
920727
920732
920737
920739
920749
920763
920781
920790
920795
920812
920817
920818
920822
920831
920833
920835
920847
920848
920851
920853
920856
920858
920860
920871
920877
920894
920903
920907
920916
920940
920948
920949
920959
920972
920973
920979
920985
920986
920989
921002
921009
921013
921014
921015
921018
921020
921030
921034
921059
921061
921064
921084
921087
921101
921106
921108
921123
921125
921126
921132
921135
921143
921153
921155
921156
921163
921177
921195
921200
921222
921228
921233
921244
921248
921259
921262
921265
921267
921273
921282
921283
921293
921296
921297
921300
921304
921307
921310
921318
921323
921333
921334
921338
921341
921344
921348
921370
921380
921385
921387
921403
921414
921419
921421
921424
921427
921430
921437
921450
921458
921460
921463
921473
921478
921488
921489
921498
921502
921509
921510
921521
921524
921539
921548
921557
921562
921571
921574
921575
921582
921585
921587
921588
921594
921598
921605
921612
921615
921616
921618
921622
921626
921634
921636
921650
921653
921660
921664
921669
921670
921677
921693
921708
921713
921719
921723
921731
921738
921741
921749
921758
921773
921786
921804
921810
921811
921819
921823
921831
921835
921838
921841
921843
921844
921845
921847
921862
921867
921874
921876
921883
921884
921885
921887
921895
921900
921901
921906
921912
921913
921925
921939
921945
921954
921965
921991
921998
922011
922013
922021
922046
922050
922052
922057
922061
922062
922066
922076
922101
922102
922104
922110
922122
922124
922132
922135
922149
922152
922166
922173
922175
922177
922180
922189
922198
922207
922213
922222
922225
922228
922245
922253
922270
922272
922274
922295
922305
922307
922315
922322
922333
922343
922346
922358
922360
922365
922373
922377
922394
922396
922397
922410
922412
922423
922425
922433
922439
922449
922450
922451
922453
922460
922466
922477
922481
922509
922541
922546
922551
922556
922559
922590
922592
922598
922614
922624
922645
922654
922659
922665
922668
922673
922676
922683
922692
922697
922710
922722
922756
922759
922766
922773
922779
922780
922787
922790
922797
922810
922815
922819
922820
922824
922829
922830
922834
922843
922845
922850
922853
922861
922880
922881
922883
922886
922895
922900
922910
922912
922918
922933
922937
922952
922955
922962
922968
922988
922989
923006
923011
923038
923041
923056
923062
923064
923065
923069
923070
923081
923092
923096
923099
923103
923116
923130
923137
923141
923145
923161
923210
923217
923219
923230
923235
923283
923289
923309
923313
923320
923323
923324
923325
923335
923338
923344
923348
923351
923364
923367
923372
923416
923425
923433
923436
923439
923444
923449
923454
923467
923471
923501
923503
923515
923541
923549
923552
923573
923574
923576
923581
923608
923610
923615
923622
923623
923628
923632
923635
923637
923640
923658
923661
923670
923671
923674
923677
923694
923697
923699
923701
923704
923716
923717
923718
923727
923730
923736
923750
923753
923756
923765
923773
923781
923788
923798
923809
923815
923829
923834
923838
923844
923846
923850
923851
923852
923853
923857
923860
923862
923879
923881
923896
923918
923923
923928
923935
923948
923953
923957
923959
923970
923972
923976
923977
923986
923990
923992
923999
924012
924016
924024
924032
924039
924053
924054
924062
924071
924080
924088
924091
924094
924110
924119
924124
924132
924139
924142
924144
924159
924166
924172
924186
924192
924199
924214
924221
924226
924238
924243
924247
924251
924279
924285
924290
924318
924332
924338
924347
924351
924356
924377
924384
924387
924405
924410
924414
924425
924436
924441
924453
924460
924467
924483
924496
924522
924528
924536
924543
924548
924552
924579
924586
924599
924614
924617
924633
924642
924657
924669
924671
924681
924688
924697
924700
924722
924732
924750
924753
924754
924756
924759
924766
924781
924788
924798
924804
924808
924821
924827
924834
924837
924851
924859
924883
924894
924896
924910
924922
924934
924940
924949
924955
924968
924983
924992
924999
925005
925009
925012
925022
925026
925041
925050
925061
925084
925097
925108
925124
925135
925140
925146
925165
925182
925185
925187
925190
925193
925203
925204
925207
925210
925217
925219
925222
925226
925250
925269
925277
925281
925282
925287
925290
925308
925322
925326
925349
925353
925359
925366
925373
925377
925388
925389
925392
925404
925416
925417
925430
925460
925468
925481
925484
925507
925524
925526
925530
925534
925554
925574
925576
925615
925620
925627
925638
925648
925662
925674
925699
925721
925750
925761
925771
925781
925799
925810
925838
925847
925849
925855
925876
925879
925894
925898
925900
925914
925927
925939
925945
925947
925954
925961
925965
925972
925990
926002
926008
926018
926024
926045
926060
926070
926076
926078
926080
926086
926087
926096
926098
926108
926113
926121
926128
926130
926143
926144
926148
926161
926170
926178
926183
926191
926198
926205
926211
926213
926214
926223
926227
926242
926245
926249
926251
926257
926261
926263
926280
926292
926323
926328
926335
926345
926359
926368
926374
926386
926393
926403
926406
926410
926427
926429
926440
926447
926459
926463
926466
926484
926495
926499
926517
926558
926581
926596
926600
926610
926617
926620
926631
926644
926648
926655
926668
926673
926694
926698
926705
926711
926717
926721
926725
926731
926734
926752
926764
926769
926782
926787
926792
926802
926806
926808
926831
926836
926837
926843
926853
926860
926881
926889
926894
926896
926914
926921
926924
926932
926941
926951
926962
926973
926974
926984
926999
927008
927024
927031
927036
927055
927057
927065
927071
927074
927093
927117
927121
927134
927137
927146
927167
927226
927240
927248
927271
927278
927293
927311
927326
927336
927353
927365
927382
927398
927404
927409
927422
927434
927441
927450
927461
927468
927473
927482
927491
927492
927499
927510
927514
927516
927519
927524
927531
927550
927570
927576
927584
927594
927608
927617
927631
927642
927661
927669
927683
927689
927694
927709
927725
927739
927742
927758
927769
927793
927813
927831
927842
927849
927856
927867
927881
927886
927906
927916
927924
927932
927937
927940
927953
927974
927978
928015
928019
928025
928067
928078
928080
928129
928139
928144
928154
928155
928164
928168
928172
928187
928194
928196
928204
928209
928210
928215
928227
928235
928243
928248
928253
928262
928269
928278
928283
928289
928335
928345
928351
928360
928363
928367
928375
928381
928385
928388
928405
928412
928415
928417
928421
928423
928434
928448
928451
928464
928467
928478
928488
928499
928504
928507
928514
928520
928522
928529
928543
928549
928554
928555
928567
928585
928590
928634
928638
928646
928664
928667
928671
928672
928674
928681
928686
928689
928690
928691
928692
928696
928697
928706
928707
928708
928711
928716
928717
928718
928720
928726
928727
928728
928729
928730
928731
928736
928737
928739
928740
928741
928742
928744
928747
928751
928760
928762
928767
928774
928777
928778
928782
928786
928788
928791
928793
928795
928801
928802
928805
928809
928813
928816
928819
928824
928828
928835
928841
928844
928847
928850
928855
928869
928870
928872
928874
928878
928880
928881
928884
928886
928890
928891
928893
928894
928896
928897
928900
928902
928905
928908
928911
928912
928920
928924
928933
928934
928939
928940
928946
928947
928949
928955
928958
928962
928969
928972
928980
928998
929037
929104
930009
930011
930012
930039
930042
930046
930048
930050
930052
930053
930054
930059
930065
930070
930072
930073
930078
930079
930080
930085
930087
930088
930091
930093
930094
930095
930100
930104
930105
930106
930109
930111
930112
930113
930114
930116
930117
930121
930124
930126
930130
930132
930135
930137
930139
930141
930142
930143
930144
930146
930147
930150
930155
930157
930158
930164
930165
930166
930168
930170
930171
930175
930177
930193
930201
930209
930214
930223
930224
930243
930247
930248
930262
930263
930275
930282
930294
930298
930299
930302
930303
930304
930306
930308
930315
930320
930323
930324
930327
930330
930337
930338
930343
930344
930345
930346
930352
930354
930356
930361
930373
930381
930384
930386
930390
930394
930396
930400
930403
930404
930412
930414
930418
930419
930422
930427
930431
930442
930455
930460
930466
930467
930473
930475
930483
930495
930499
930503
930509
930510
930514
930515
930519
930528
930532
930533
930534
930535
930537
930541
930543
930545
930546
930549
930552
930553
930566
930567
930570
930573
930575
930583
930586
930593
930594
930598
930599
930616
930618
930620
930628
930629
930630
930632
930637
930640
930642
930645
930646
930651
930653
930656
930658
930660
930661
930662
930665
930670
930671
930683
930685
930691
930692
930694
930696
930700
930701
930702
930712
930717
930718
930719
930720
930721
930722
930728
930734
930754
930793
